camera_matrix:
- - 393.1252521127404
  - 0.0
  - 388.8442854009294
- - 0.0
  - 391.7530757812821
  - 340.70356019640127
- - 0.0
  - 0.0
  - 1.0
dist_coeff:
- - -0.022552436691614497
  - 0.03908167952299648
  - 0.00014902964070440046
  - -0.0013541047360994315
  - -0.03884029983944618
